5116.3,5428.7,5184.3,4996,5007.6,5207.4,4654.4,4286.7,3817.9,3907.5,4302.1,4497.4,4692.2,4368.2,4530.8,4722.3,4718.9,4494.9,3942.9,3461.4,3583.3,3661.5,3772.3,3987.2,4009.5,4354.3,4785.3,4999.5,4546.3,4888.2\
4805.4,4868,4933.2,4523.6,4618.6,4622.4,4604.9,4428.1,3926.4,3765,3736.6,4121.2,4059.4,3801.7,4298.1,4137.7,4072.4,4171.3,3638.5,3308,3502.9,3573.5,4196.7,4475.1,4438.9,4136,4588.1,4925.5,4868.9,4680.9\
4781.5,4615.6,4517.2,4416.6,4293.6,4340.5,4140.6,3990.2,3946.8,3821.6,3621.6,3462.2,3574.7,3500.7,4124.6,3835.1,3762.9,3709.8,3303.3,3574.6,3929.3,4047.6,3828.4,4501.1,4978.7,4603.9,4310,4637.7,4980.7,4945.5\
5116.1,4694.8,4579.2,4707.6,4554.4,4461.2,4384.1,4298.1,4622.8,3916.7,4170.5,3837.2,3406.8,3570.1,3984.9,3849.9,3834.6,3680.2,3150.2,3574.7,4041.5,4630.2,4599.2,4175.5,4581.8,5101.1,4738.3,4772.8,5265.7,5859.3\
6021.7,5631.5,5562.3,6001.4,5265.8,5014.8,5085,4809.9,4637.7,4377.9,4604.4,4029.2,3632.8,3225.4,3394.3,3575.6,3626.7,3125.6,3396.3,3790.5,4109.6,4686.1,5109.7,4671.4,4648.3,5280.7,5367.9,5236.1,5954.5,5623.8\
6297,5896.1,5717,5874.9,5742.8,5418.1,5528.7,5837,4966.2,4877.5,4640.1,4382.3,4075.7,3591.1,3222,3186.2,3278,3213.7,3898.4,4266.8,4620,4864.5,5244.6,5476.8,5163.4,5192.8,6421,5727.8,5510.8,5381\
6088.9,5517.5,5293.3,5615.6,5362.3,5159.4,5452,5376.9,5950.5,5581.6,5032.7,4610.9,3850.5,3872.1,3881.3,3107.6,2933.3,3524.1,3995.2,4369.2,4851.5,5097.3,5416.7,6147.5,6351.2,5775.3,5843.7,6582.6,5857.4,5345.2\
5851.6,5499.8,5058.6,4991,4908.8,4907.8,4990.7,5256.8,5391,5751.3,4871.5,4488.7,4354.3,4203.3,4077.1,3779,3128.2,3157,3786.2,4193.7,4405.7,4629.3,4976.7,5631.5,5296.8,4869.3,5519.2,6202.4,5946,5314.1\
5947.5,5321.7,4998.1,5025.5,5090.4,4948.5,4897.3,5091.3,5187.5,5690.3,5354.5,4870.2,4580.1,4415.3,4180.4,3853.3,3004.5,3100.8,3360.1,3680.7,3831.5,4395.2,4886.3,5536.8,5138.6,4760.2,5450.1,6095.9,5809.7,5611.8\
5701.1,5286.9,5416.3,5588.7,5586.8,5218.4,4805.4,4834.8,5030.5,5224.4,5499.9,4541.4,3928.3,4003.3,3906.5,3280.5,3035.9,3007,3494.3,3479.5,3734.9,4391.8,5032.4,5290.8,4804,4653,5051.5,5895.8,6312.2,6057.4\
6358.9,6140.6,6408.4,6426.3,5636.1,4968.2,4599.5,4219.8,4104.7,4360.3,4747.8,4298.5,3648.9,3355.4,3289,2878.7,2910.8,3285.5,3985.4,4031.3,3844.5,4034.7,4366.4,4674.8,4513.2,4834.3,5484.9,5687.3,6045.1,5649.2\
6429.6,6075.6,5882.9,5637.2,5517,5005.2,4648.6,4396.7,4318.8,3984.9,4338.4,4234.8,4039.1,3475.4,3035.3,2778.3,2909.8,3376.8,3967,4519.3,4606.6,4343.9,4652.9,4496.7,4620.9,4991.4,5418.4,5624.1,5884.8,5112.9\
5506.2,5727.4,5293.9,5279,6011.9,5417.5,5089.2,4786.6,4351.5,4055.3,4033.4,4475.8,3730.9,3593,3248.1,2781.3,2895.9,3211.3,3614.8,4170.3,4944.8,4985.8,5108.2,4886.9,5124.4,5551.3,5716.9,4991.5,4846.1,5084.3\
5311.4,5260.9,5175.4,5267.8,6203.2,5981.9,5480.8,4996.3,4658.3,4304.6,3875.6,4395.4,3665.1,3200.7,2922.2,2673.2,2975.4,3559,3846.8,3923.3,4249.8,4807.3,5153.5,5527.4,6049,6278.9,5141.2,4838.1,4432.4,4300.9\
5058.7,5172.2,5077.8,5100.8,5432.1,6181.8,5321.5,4975.2,4705.8,4252.2,3836.5,4304.2,3887.5,3511.1,3288.7,2684.1,2832.2,3484.4,3615.4,3420.6,4022,4157.9,4614.8,5148.3,5634,5400.1,5161.8,4934,4575.1,4269.7\
4886.7,4830.3,4627.1,4738.2,5092.8,5762.3,5689.3,4995.7,4634.5,4158.8,3679.8,4363.2,3998.8,3466.5,2985.3,2659.5,2587.3,2848.4,3090.7,3271.7,3666.5,3803.6,4372.2,5059.5,5787.2,5215.3,4850,4441.9,4202.3,4325.1\
4978.7,4779.9,4635.9,4628.9,5052.1,5174.5,5462.5,5122.9,4803.3,4345.7,3693.6,4056,4010.9,3629.4,2992.6,2582.3,2801.2,3508.2,3694.1,3864.1,3883.4,4405.7,4534.9,5048.5,5523.9,5003.5,4613.5,4172.6,4222.5,4741.5\
4733.5,4776.9,4548.2,4616.3,4731.9,4812.4,4943.4,5248.6,4710.1,4264,3939.7,3643.4,4159.8,3454.8,3030.7,2625.5,2692.4,3214.5,3782.9,4308.1,4247.2,4584.4,5222.2,5573.8,5182,4940.1,4656,4064,4514.2,4924.4\
4705.9,4591.4,4384.7,4772.6,4928.1,4674.7,4606.6,4852.1,4880.6,4524.8,4158,3513.5,3871.6,3617,2997,2443.3,2623.8,2804.8,3239,3780.6,3967.2,4315,4899.3,5115.3,5014.4,4695.5,4192.9,3939.6,4569.1,5068.4\
4794.5,4606.3,4210.8,4498.9,4876.8,4714.3,4552.8,4567.8,4418.3,4528.4,4075.6,3398,3271,3412.7,2890.2,2542.1,2423.3,2792,2998.4,3271.2,3596.1,3889,4311.5,5065,5407.5,4943.5,4461.1,3893.7,4411.2,4465\
4583.1,4453.6,4036.3,4444.6,4569,4540.3,4370.4,4472.1,4220.2,4031.3,3837.6,3317.8,2714.4,3094.8,3044.3,2392.9,2352.9,2780.4,2952.5,2999.4,3336.2,3721.7,4040.2,4641.5,5053.8,4952.2,4462.4,3970.7,3870.4,4073.9\
4506.2,4373,3912.4,4341.6,4333.3,4500.4,4219.8,4282.6,4038.9,3708.1,3819,3488.1,2833.1,2421.7,2688.3,2079.6,2332.9,2563.9,2843,3038.4,3290.8,3655.6,4159.3,4735.9,4758.4,4421.8,4275.7,3661.8,4207.9,4494.2\
4450.7,4147.7,3816.3,3976.7,4321.6,4397.6,4354.4,3824.9,3867.8,3631,3632.5,3547.4,3079.5,2565.4,2076.7,2187.7,2647.7,3172.3,3455,3614.2,3772.8,3943.2,4392.2,4864.4,4735.4,4284.3,3839.8,3688.5,4344.9,4856.9\
4347.1,4362.8,3969.6,3699.5,3920.5,4279.2,4091.3,3845.2,3521.2,3392,3065.4,3623.4,3406.3,2922.7,2220.5,2486.9,2890.4,3376.7,3714.8,4211.6,4462.5,4488.2,4813.2,5052.2,4538.6,4109.2,3749.3,3772.3,4511.1,4599\
4318.4,4190.1,4070.8,3535.1,3705.1,4131.7,3758.2,3793.3,3751,3622.4,3082.8,3265.6,2867.8,2589,1990.7,1992.1,2413.9,2831.5,3243.8,3530.6,3769,4263.8,4459.6,4635.1,4398.5,4080.5,3487.1,3700.7,3781.9,3966.2\
4147.7,3907,3830.6,3424.3,3573,3890.8,3724.9,3532.1,3347.1,3363,3237.3,2754.8,2455.7,2221.8,1717.6,2382.7,2633.8,2746.2,2898.2,3203.6,3545.3,4129,4271.5,4127.2,4200.7,3909.9,3288.4,3604.1,3843.1,4006.1\
4035.1,3859.1,3781.5,3362.5,3449.4,3648.6,3104.8,3208.1,3550.5,3283.6,2912.3,2735,2634,1943.4,1876.4,2611.3,2866,3293.1,3384,3616.9,3890.9,4188.3,4237.5,3835.5,3619.5,3532.1,2968.7,3456.2,4076,4422.6\
4049.2,3851.1,3565.6,3088.6,3430.5,3316.8,3058.9,2748.7,3240.6,3018.7,2883,3187.9,2729,1926.1,1818.3,2127.3,2399.3,2901.9,3324.3,3710,3951.6,4262.6,3625.6,3558,3223.5,2968.5,3065.9,3682.2,4022.2,4422.7\
3904.5,3803.4,3415.7,3136,3173.5,3003,2679.4,2480.5,2747.3,2411.5,2419.3,2737.7,2330.6,1764.1,1721.3,2205.5,2413.9,2552.7,2907.4,3285.1,3802.1,3991.1,3327.3,2798.6,2698.6,2904.2,3409.5,3299.3,3615.4,4034.7\
3572.4,3391.3,3326.5,3185.7,2813.3,3014.2,2576.1,2141.1,2378.5,2326.2,2135.7,2376.5,1949.7,1616.6,2064.2,1936.4,2012.4,2176.2,2526.5,3045.1,3687.1,3284.2,3303.3,2871.4,2464.6,3258.9,3452.1,3851.9,4028.9,3919.4\
